Operators initialized
equilibration 0 done.
  0.075988 -0.0215857 -0.0181341
-0.0215857  0.0108326 0.00358437
-0.0181341 0.00358437 0.00484991
----
        1 -0.752363 -0.944619
-0.752363         1  0.494515
-0.944619  0.494515         1
----
-3.65874e+12 -1.38142e+12 -2.77298e+12
-1.38142e+12 -5.21579e+11 -1.04699e+12
-2.77298e+12 -1.04699e+12 -2.10166e+12
----
-0.624569
  0.42232
0.0674161
----
-0.0226573
 0.0405766
0.00968047
outputing new variational parameters
reinitialzing auxiliary Hamiltonian
Operators initialized
equilibration 1 done.
    0.108189   -0.0329218   -0.0205239
  -0.0329218    0.0214083 -0.000251716
  -0.0205239 -0.000251716   0.00759947
----
         1  -0.684069  -0.715775
 -0.684069          1 -0.0197346
 -0.715775 -0.0197346          1
----
3.33485e+12 2.32928e+12 2.43297e+12
2.32928e+12 1.62693e+12 1.69935e+12
2.43297e+12 1.69935e+12 1.77499e+12
----
 -0.691094
  0.582594
-0.0812578
----
 -0.0210109
  0.0398176
-0.00932123
outputing new variational parameters
reinitialzing auxiliary Hamiltonian
Operators initialized
equilibration 2 done.
   0.127865  -0.0335389  -0.0238565
 -0.0335389   0.0230807 -0.00441309
 -0.0238565 -0.00441309   0.0124227
----
        1 -0.617375 -0.598582
-0.617375         1 -0.260621
-0.598582 -0.260621         1
----
-4.77678e+12 -3.96347e+12 -3.89225e+12
-3.96347e+12 -3.28863e+12 -3.22954e+12
-3.89225e+12 -3.22954e+12 -3.17152e+12
----
-0.692001
 0.587686
-0.174327
----
-0.0193522
  0.038683
-0.0156407
outputing new variational parameters
reinitialzing auxiliary Hamiltonian
Operators initialized
equilibration 3 done.
   0.114896  -0.0244799  -0.0231238
 -0.0244799    0.017066 -0.00578498
 -0.0231238 -0.00578498   0.0143364
----
        1 -0.552827 -0.569752
-0.552827         1 -0.369841
-0.569752 -0.369841         1
----
-1.09135e+13 -9.65337e+12 -9.78821e+12
-9.65337e+12 -8.53874e+12 -8.65801e+12
-9.78821e+12 -8.65801e+12 -8.77895e+12
----
-0.613445
 0.488435
-0.199903
----
-0.0180976
 0.0373887
-0.0166955
outputing new variational parameters
reinitialzing auxiliary Hamiltonian
Operators initialized
equilibration 4 done.
  0.174563 -0.0257761 -0.0412336
-0.0257761     0.0182 -0.0100486
-0.0412336 -0.0100486  0.0278314
----
        1 -0.457305 -0.591572
-0.457305         1 -0.446479
-0.591572 -0.446479         1
----
4.49194e+12 4.04745e+12 4.46441e+12
4.04745e+12 3.64695e+12 4.02264e+12
4.46441e+12 4.02264e+12 4.43704e+12
----
-0.677034
 0.483838
-0.270436
----
-0.0162044
 0.0358645
-0.0162105
outputing new variational parameters
reinitialzing auxiliary Hamiltonian
Operators initialized
equilibration 5 done.
   0.177878  -0.0177058  -0.0481419
 -0.0177058   0.0121444 -0.00893176
 -0.0481419 -0.00893176   0.0311706
----
        1 -0.380948 -0.646532
-0.380948         1 -0.459067
-0.646532 -0.459067         1
----
-1.70266e+12 -1.46211e+12 -1.77203e+12
-1.46211e+12 -1.25554e+12 -1.52168e+12
-1.77203e+12 -1.52168e+12 -1.84423e+12
----
-0.617997
 0.374058
-0.245886
----
 -0.014653
  0.033943
-0.0139271
outputing new variational parameters
reinitialzing auxiliary Hamiltonian
Operators initialized
equilibration 6 done.
   0.205048  -0.0135623  -0.0603595
 -0.0135623  0.00917626 -0.00901224
 -0.0603595 -0.00901224   0.0381947
----
        1  -0.31266 -0.682051
 -0.31266         1 -0.481392
-0.682051 -0.481392         1
----
-2.19698e+12 -1.83303e+12 -2.38085e+12
-1.83303e+12 -1.52937e+12 -1.98644e+12
-2.38085e+12 -1.98644e+12 -2.58012e+12
----
-0.636656
 0.313543
-0.238941
----
-0.0140597
 0.0327314
-0.0122262
outputing new variational parameters
reinitialzing auxiliary Hamiltonian
Operators initialized
equilibration 7 done.
   0.227419 -0.00873679  -0.0724299
-0.00873679  0.00585845 -0.00749552
 -0.0724299 -0.00749552   0.0421957
----
        1 -0.239358 -0.739385
-0.239358         1 -0.476734
-0.739385 -0.476734         1
----
1.15904e+13 8.87735e+12 1.28019e+13
8.87735e+12 6.79936e+12 9.80526e+12
1.28019e+13 9.80526e+12   1.414e+13
----
-0.624927
 0.238783
 -0.20067
----
 -0.0131044
  0.0311969
-0.00976894
outputing new variational parameters
reinitialzing auxiliary Hamiltonian
Operators initialized
equilibration 8 done.
   0.148418   -0.003666  -0.0487117
  -0.003666  0.00245103 -0.00384722
 -0.0487117 -0.00384722   0.0267932
----
        1 -0.192209 -0.772463
-0.192209         1 -0.474744
-0.772463 -0.474744         1
----
2.58281e+13 1.86365e+13 2.87988e+13
1.86365e+13 1.34473e+13   2.078e+13
2.87988e+13   2.078e+13 3.21112e+13
----
-0.485106
   0.1494
-0.134801
----
-0.0125919
  0.030177
-0.0082353
outputing new variational parameters
reinitialzing auxiliary Hamiltonian
Operators initialized
equilibration 9 done.
   0.143083 -0.00202611  -0.0475545
-0.00202611  0.00128529 -0.00252219
 -0.0475545 -0.00252219   0.0239315
----
        1 -0.149406 -0.812668
-0.149406         1 -0.454769
-0.812668 -0.454769         1
----
1.76723e+13  1.1563e+13 1.96202e+13
 1.1563e+13  7.5657e+12 1.28375e+13
1.96202e+13 1.28375e+13 2.17828e+13
----
 -0.455339
  0.103207
-0.0947269
----
 -0.0120376
  0.0287878
-0.00612334
outputing new variational parameters
reinitialzing auxiliary Hamiltonian
Operators initialized
equilibration 10 done.
   0.173452 -0.00102393  -0.0579339
-0.00102393 0.000718245 -0.00188585
 -0.0579339 -0.00188585   0.0263192
----
         1 -0.0917371  -0.857446
-0.0917371          1  -0.433745
 -0.857446  -0.433745          1
----
 -4.4107e+12 -2.51892e+12 -4.87451e+12
-2.51892e+12 -1.43853e+12 -2.78379e+12
-4.87451e+12 -2.78379e+12 -5.38708e+12
----
-0.482756
0.0743667
 -0.06247
----
 -0.0115915
  0.0277487
-0.00385066
outputing new variational parameters
reinitialzing auxiliary Hamiltonian
Operators initialized
equilibration 11 done.
   0.211559 -0.00052667   -0.068654
-0.00052667 0.000391445 -0.00137358
  -0.068654 -0.00137358   0.0283936
----
         1 -0.0578745  -0.885808
-0.0578745          1  -0.412009
 -0.885808  -0.412009          1
----
2.83627e+12 1.44448e+12 3.10753e+12
1.44448e+12 7.35653e+11 1.58262e+12
3.10753e+12 1.58262e+12 3.40472e+12
----
 -0.523677
 0.0523914
-0.0323085
----
 -0.0113854
  0.0264804
-0.00191737
outputing new variational parameters
reinitialzing auxiliary Hamiltonian
Operators initialized
equilibration 12 done.
    0.216403 -0.000147078   -0.0677967
-0.000147078  0.000128696 -0.000601302
  -0.0677967 -0.000601302     0.024499
----
         1 -0.0278698  -0.931113
-0.0278698          1  -0.338639
 -0.931113  -0.338639          1
----
 -1.5914e+12  -6.1688e+11 -1.69068e+12
 -6.1688e+11 -2.39123e+11 -6.55361e+11
-1.69068e+12 -6.55361e+11 -1.79614e+12
----
-0.504005
0.0297004
 0.010105
----
 -0.0108344
  0.0261807
0.000645597
outputing new variational parameters
reinitialzing auxiliary Hamiltonian
Operators initialized
equilibration 13 done.
    0.197431 -3.01835e-05   -0.0589919
-3.01835e-05  4.46802e-05 -0.000295073
  -0.0589919 -0.000295073    0.0196965
----
         1 -0.0101626  -0.945998
-0.0101626          1  -0.314541
 -0.945998  -0.314541          1
----
 -7.8481e+12 -2.68017e+12 -8.26731e+12
-2.68017e+12 -9.15292e+11 -2.82333e+12
-8.26731e+12 -2.82333e+12 -8.70892e+12
----
-0.473494
0.0162327
 0.031481
----
-0.0106563
 0.0242848
0.00224313
outputing new variational parameters
reinitialzing auxiliary Hamiltonian
Operators initialized
equilibration 14 done.
    0.172275  2.66637e-05   -0.0490312
 2.66637e-05  8.98926e-06 -9.18958e-05
  -0.0490312 -9.18958e-05    0.0147458
----
        1 0.0214263 -0.972807
0.0214263         1 -0.252406
-0.972807 -0.252406         1
----
 -6.4345e+13  -1.5402e+13 -6.64828e+13
 -1.5402e+13 -3.68671e+12 -1.59137e+13
-6.64828e+13 -1.59137e+13 -6.86917e+13
----
 -0.418584
0.00740361
 0.0490574
----
-0.0100849
 0.0246934
 0.0040399
outputing new variational parameters
reinitialzing auxiliary Hamiltonian
Operators initialized
equilibration 15 done.
   0.0523557  2.38955e-06    -0.014341
 2.38955e-06  8.20335e-07 -1.10053e-05
   -0.014341 -1.10053e-05   0.00405884
----
        1 0.0115302 -0.983778
0.0115302         1 -0.190723
-0.983778 -0.190723         1
----
3.65273e+12 6.67523e+11 3.72079e+12
6.67523e+11 1.21987e+11  6.7996e+11
3.72079e+12  6.7996e+11 3.79011e+12
----
 -0.236854
0.00224022
 0.0364715
----
-0.0103514
  0.024734
 0.0057247
outputing new variational parameters
reinitialzing auxiliary Hamiltonian
Operators initialized
equilibration 16 done.
   0.0544425  2.21887e-06   -0.0139486
 2.21887e-06  1.10183e-07 -3.13233e-06
  -0.0139486 -3.13233e-06   0.00363344
----
        1 0.0286488  -0.99175
0.0286488         1 -0.156549
 -0.99175 -0.156549         1
----
-8.54402e+12 -1.10893e+12 -8.64714e+12
-1.10893e+12 -1.43928e+11 -1.12231e+12
-8.64714e+12 -1.12231e+12 -8.75149e+12
----
  -0.218614
0.000673151
  0.0401267
----
-0.00936935
  0.0202794
 0.00665695
outputing new variational parameters
reinitialzing auxiliary Hamiltonian
Operators initialized
equilibration 17 done.
   0.0650453  3.78776e-07   -0.0154521
 3.78776e-07  5.33356e-09 -3.53571e-07
  -0.0154521 -3.53571e-07   0.00368383
----
         1   0.020336   -0.99823
  0.020336          1 -0.0797661
  -0.99823 -0.0797661          1
----
-3.86843e+13 -2.30823e+12 -3.87999e+13
-2.30823e+12 -1.37729e+11 -2.31513e+12
-3.87999e+13 -2.31513e+12 -3.89159e+13
----
  -0.239287
0.000158802
  0.0489245
----
-0.00938232
  0.0217444
 0.00806077
outputing new variational parameters
reinitialzing auxiliary Hamiltonian
Operators initialized
equilibration 18 done.
   0.0426174   4.8945e-08  -0.00956253
  4.8945e-08  1.29395e-11 -1.29295e-08
 -0.00956253 -1.29295e-08   0.00214595
----
         1  0.0659109  -0.999931
 0.0659109          1 -0.0775918
 -0.999931 -0.0775918          1
----
1.41692e+13 1.66435e+11 1.41811e+13
1.66435e+11   1.955e+09 1.66576e+11
1.41811e+13 1.66576e+11 1.41931e+13
----
  -0.172614
1.34258e-05
  0.0366722
----
-0.00836148
  0.0373235
 0.00791639
outputing new variational parameters
reinitialzing auxiliary Hamiltonian
Operators initialized
equilibration 19 done.
   0.0473404  7.21075e-11   -0.0097329
 7.21075e-11  3.22859e-17 -1.49502e-11
  -0.0097329 -1.49502e-11   0.00200103
----
         1  0.0583254         -1
 0.0583254      0.001 -0.0588186
        -1 -0.0588186          1
----
 10087.1 -2022.62  9968.16
-2022.62   -1.001 -2022.68
 9968.16 -2022.68  9850.19
----
 -0.171363
2.1357e-08
  0.035147
----
-0.00787591
  0.0375867
 0.00785708
outputing new variational parameters
reinitialzing auxiliary Hamiltonian
Operators initialized
equilibration 20 done.
 1.19478e-07 -2.37439e-11 -2.47185e-08
-2.37439e-11  2.55713e-11  1.68564e-10
-2.47185e-08  1.68564e-10  6.16148e-09
----
         1 -0.0135841  -0.911036
-0.0135841          1   0.424665
 -0.911036   0.424665          1
----
-2.96972e+12  1.35251e+12 -3.27988e+12
 1.35251e+12 -6.15979e+11  1.49377e+12
-3.27988e+12  1.49377e+12 -3.62244e+12
----
0.000241559
1.34902e-05
3.66827e-05
----
0.00698842
 0.0266773
0.00467324
outputing new variational parameters
reinitialzing auxiliary Hamiltonian
Operators initialized
equilibration 21 done.
 9.51815e-08  5.93528e-13 -1.85187e-08
 5.93528e-13  4.82578e-12  4.39825e-11
-1.85187e-08  4.39825e-11  4.00602e-09
----
          1 0.000875751   -0.948372
0.000875751           1     0.31633
  -0.948372     0.31633           1
----
 3.86456e+13 -1.29203e+13  4.07374e+13
-1.29203e+13  4.31962e+12 -1.36197e+13
 4.07374e+13 -1.36197e+13  4.29425e+13
----
0.000231839
5.85556e-06
8.38776e-06
----
0.00751468
 0.0266554
0.00132522
outputing new variational parameters
reinitialzing auxiliary Hamiltonian
Operators initialized
equilibration 22 done.
 3.66739e-08 -3.66237e-12 -6.90418e-09
-3.66237e-12  3.29461e-13  4.95415e-12
-6.90418e-09  4.95415e-12  1.35504e-09
----
         1 -0.0333182  -0.979395
-0.0333182          1   0.234473
 -0.979395   0.234473          1
----
-1.20883e+13  2.51127e+12  -1.2428e+13
 2.51127e+12 -5.21702e+11  2.58185e+12
 -1.2428e+13  2.58185e+12 -1.27773e+13
----
0.000127219
 1.6997e-06
-1.7594e-06
----
  0.00664316
   0.0296122
-0.000477958
outputing new variational parameters
reinitialzing auxiliary Hamiltonian
Operators initialized
equilibration 23 done.
 5.76893e-08 -3.39363e-13 -9.89386e-09
-3.39363e-13  2.07542e-14  7.51121e-13
-9.89386e-09  7.51121e-13  1.71996e-09
----
          1 -0.00980764   -0.993251
-0.00980764           1    0.125718
  -0.993251    0.125718           1
----
-8.19214e+12  9.57744e+11 -8.25726e+12
 9.57744e+11  -1.1197e+11  9.65357e+11
-8.25726e+12  9.65357e+11  -8.3229e+12
----
 0.000162148
 3.33892e-07
-1.66282e-05
----
 0.00675092
  0.0231768
-0.00400945
outputing new variational parameters
reinitialzing auxiliary Hamiltonian
Operators initialized
equilibration 24 done.
 6.57623e-08  -3.3915e-14 -1.04814e-08
 -3.3915e-14  9.47348e-16  1.00034e-13
-1.04814e-08  1.00034e-13  1.68003e-09
----
          1 -0.00429684   -0.997183
-0.00429684       0.001   0.0792927
  -0.997183   0.0792927           1
----
 0.940694   13.3031 -0.116797
  13.3031    -1.001    13.345
-0.116797    13.345  -0.17463
----
 0.000160247
 4.04355e-08
-2.14934e-05
----
 0.00624885
  0.0131374
-0.00524381
outputing new variational parameters
reinitialzing auxiliary Hamiltonian
Operators initialized
equilibration 25 done.
 1.09959e-07  1.09771e-13 -1.89917e-08
 1.09771e-13  5.89615e-17 -2.66473e-14
-1.89917e-08 -2.66473e-14  3.28116e-09
----
         1  0.0431108  -0.999847
 0.0431108      0.001 -0.0605836
 -0.999847 -0.0605836          1
----
 8.73265 -57.1092  5.27144
-57.1092   -1.001 -57.1611
 5.27144 -57.1611  2.80761
----
-0.00022453
2.92768e-08
3.49259e-05
----
-0.00677109
  0.0381276
 0.00609726
outputing new variational parameters
reinitialzing auxiliary Hamiltonian
Operators initialized
equilibration 26 done.
 2.69164e-10 -6.50017e-15 -4.66841e-11
-6.50017e-15  4.82407e-14  3.21324e-13
-4.66841e-11  3.21324e-13  1.02223e-11
----
        1         0 -0.889995
        0         1  0.457575
-0.889995  0.457575         1
----
-539.317  277.794 -607.101
 277.794 -141.823   312.13
-607.101   312.13  -682.14
----
9.78684e-06
5.96888e-07
2.26596e-06
----
0.00596533
  0.027176
0.00708728
outputing new variational parameters
reinitialzing auxiliary Hamiltonian
Operators initialized
equilibration 27 done.
  4.5748e-10  3.89553e-15 -7.33229e-11
 3.89553e-15  1.13789e-14  1.24639e-13
-7.33229e-11  1.24639e-13  1.31309e-11
----
        1         0 -0.946035
        0         1  0.322447
-0.946035  0.322447         1
----
  857.79 -292.029  905.664
-292.029  100.535 -308.687
 905.664 -308.687  957.325
----
1.39099e-05
  2.802e-07
8.53851e-07
----
0.00650335
 0.0262674
0.00235633
outputing new variational parameters
reinitialzing auxiliary Hamiltonian
Operators initialized
equilibration 28 done.
 1.14648e-09 -5.37367e-15 -1.64686e-10
-5.37367e-15   1.4592e-15  3.68446e-14
-1.64686e-10  3.68446e-14  2.45482e-11
----
        1         0 -0.981668
        0     0.001  0.194673
-0.981668  0.194673         1
----
  0.974547    5.04748  -0.025928
   5.04748  -0.959475    5.14174
 -0.025928    5.14174 -0.0264121
----
 2.00836e-05
 8.84573e-08
-6.95804e-07
----
 0.00593141
  0.0231567
-0.00140436
outputing new variational parameters
reinitialzing auxiliary Hamiltonian
Operators initialized
equilibration 29 done.
 1.06984e-08  3.29992e-14 -1.85487e-09
 3.29992e-14  4.78861e-17 -9.36336e-15
-1.85487e-09 -9.36336e-15  3.21872e-10
----
        1  0.046104 -0.999569
 0.046104     0.001         0
-0.999569         0         1
----
-0.470651   21.6989 -0.470448
  21.6989 -0.405897   21.6895
-0.470448   21.6895  0.529755
----
-6.96087e-05
 2.62693e-08
 1.00501e-05
----
-0.00672982
  0.0379615
  0.0056018
outputing new variational parameters
reinitialzing auxiliary Hamiltonian
Operators initialized
equilibration 30 done.
 1.40259e-10 -2.63933e-16  -2.4214e-11
-2.63933e-16  2.01114e-19  6.59677e-17
 -2.4214e-11  6.59677e-17  4.18232e-12
----
        1         0 -0.999752
        0     0.001         0
-0.999752         0         1
----
2015.58       0 2015.08
      0    1000       0
2015.08       0 2015.58
----
-7.75061e-06
-1.70371e-09
  1.1633e-06
----
-0.00654442
 -0.0379904
 0.00568829
outputing new variational parameters
reinitialzing auxiliary Hamiltonian
Operators initialized
equilibration 31 done.
 6.19373e-13   1.0249e-24 -1.07368e-13
  1.0249e-24  7.20598e-34 -1.77743e-25
-1.07368e-13 -1.77743e-25  1.86123e-14
----
    1     0    -1
    0 0.001     0
   -1     0     1
----
2.25023e+09           0 2.25023e+09
          0        1000           0
2.25023e+09           0 2.25023e+09
----
 5.31699e-07
-1.02095e-16
 -9.2159e-08
----
   0.006756
          0
-0.00675519
outputing new variational parameters
reinitialzing auxiliary Hamiltonian
Operators initialized
equilibration 32 done.
  1.9861e-21  3.21484e-25 -3.42253e-22
 3.21484e-25  4.57217e-25  2.84549e-24
-3.42253e-22  2.84549e-24  7.73855e-23
----
0.001     0     0
    0 0.001     0
    0     0 0.001
----
1000    0    0
   0 1000    0
   0    0 1000
----
 -2.8603e-11
-1.81827e-12
 -6.5793e-12
----
-0.00641817
 -0.0268905
-0.00747911
outputing new variational parameters
reinitialzing auxiliary Hamiltonian
Operators initialized
equilibration 33 done.
 1.99586e-21  8.44078e-26 -3.45448e-22
 8.44078e-26  4.17872e-25  2.63693e-24
-3.45448e-22  2.63693e-24   7.6616e-23
----
0.001     0     0
    0 0.001     0
    0     0 0.001
----
1000    0    0
   0 1000    0
   0    0 1000
----
-2.93643e-11
-1.77828e-12
-6.19354e-12
----
-0.00657287
 -0.0275092
-0.00707586
outputing new variational parameters
reinitialzing auxiliary Hamiltonian
Operators initialized
equilibration 34 done.
 1.98273e-21 -1.88992e-25 -3.44908e-22
-1.88992e-25  4.60662e-25  2.95584e-24
-3.44908e-22  2.95584e-24   7.8546e-23
----
0.001     0     0
    0 0.001     0
    0     0 0.001
----
1000    0    0
   0 1000    0
   0    0 1000
----
-2.86866e-11
   -1.82e-12
-6.57576e-12
----
-0.00644239
 -0.0268151
-0.00741966
outputing new variational parameters
reinitialzing auxiliary Hamiltonian
Operators initialized
equilibration 35 done.
 2.00179e-21 -5.05742e-27 -3.47044e-22
-5.05742e-27  4.49294e-25  2.85182e-24
-3.47044e-22  2.85182e-24  7.82563e-23
----
0.001     0     0
    0 0.001     0
    0     0 0.001
----
1000    0    0
   0 1000    0
   0    0 1000
----
-2.83708e-11
-1.80759e-12
-6.55176e-12
----
-0.00634107
 -0.0269671
-0.00740625
outputing new variational parameters
reinitialzing auxiliary Hamiltonian
Operators initialized
equilibration 36 done.
  1.9905e-21 -4.36748e-25 -3.47826e-22
-4.36748e-25  3.98308e-25  2.60313e-24
-3.47826e-22  2.60313e-24  7.68138e-23
----
0.001     0     0
    0 0.001     0
    0     0 0.001
----
1000    0    0
   0 1000    0
   0    0 1000
----
-2.67799e-11
-1.76034e-12
-6.52771e-12
----
-0.00600244
 -0.0278924
-0.00744802
outputing new variational parameters
reinitialzing auxiliary Hamiltonian
Operators initialized
equilibration 37 done.
 2.02182e-21  -1.5049e-25 -3.51439e-22
 -1.5049e-25  4.36045e-25  2.79296e-24
-3.51439e-22  2.79296e-24  7.86447e-23
----
0.001     0     0
    0 0.001     0
    0     0 0.001
----
1000    0    0
   0 1000    0
   0    0 1000
----
-2.64186e-11
-1.78289e-12
-6.73347e-12
----
-0.00587541
 -0.0269997
-0.00759284
outputing new variational parameters
reinitialzing auxiliary Hamiltonian
Operators initialized
equilibration 38 done.
 1.98948e-21   6.0364e-25 -3.41048e-22
  6.0364e-25  5.38511e-25  3.31242e-24
-3.41048e-22  3.31242e-24  8.01396e-23
----
0.001     0     0
    0 0.001     0
    0     0 0.001
----
1000    0    0
   0 1000    0
   0    0 1000
----
-2.92106e-11
-1.88928e-12
-6.92452e-12
----
-0.00654892
 -0.0257453
 -0.0077351
outputing new variational parameters
reinitialzing auxiliary Hamiltonian
Operators initialized
equilibration 39 done.
 1.96694e-21  5.57303e-25 -3.37434e-22
 5.57303e-25  3.88788e-25  2.37041e-24
-3.37434e-22  2.37041e-24  7.35355e-23
----
0.001     0     0
    0 0.001     0
    0     0 0.001
----
1000    0    0
   0 1000    0
   0    0 1000
----
-3.05751e-11
-1.75819e-12
-5.85619e-12
----
-0.00689402
 -0.0281974
-0.00682915
outputing new variational parameters
reinitialzing auxiliary Hamiltonian
Operators initialized
equilibration 40 done.
 1.98393e-21    7.607e-25 -3.39089e-22
   7.607e-25  5.02222e-25  3.05492e-24
-3.39089e-22  3.05492e-24  7.81661e-23
----
0.001     0     0
    0 0.001     0
    0     0 0.001
----
1000    0    0
   0 1000    0
   0    0 1000
----
-2.96376e-11
-1.86001e-12
-6.66479e-12
----
-0.00665395
 -0.0262463
-0.00753837
outputing new variational parameters
reinitialzing auxiliary Hamiltonian
Operators initialized
equilibration 41 done.
  2.0248e-21  4.09047e-25 -3.48405e-22
 4.09047e-25  4.77611e-25  2.95972e-24
-3.48405e-22  2.95972e-24  7.91769e-23
----
0.001     0     0
    0 0.001     0
    0     0 0.001
----
1000    0    0
   0 1000    0
   0    0 1000
----
-2.74253e-11
-1.83812e-12
-6.90942e-12
----
 -0.0060948
 -0.0265973
-0.00776502
outputing new variational parameters
reinitialzing auxiliary Hamiltonian
Operators initialized
equilibration 42 done.
 1.97647e-21   5.1396e-25 -3.39362e-22
  5.1396e-25  4.06497e-25  2.49029e-24
-3.39362e-22  2.49029e-24  7.46305e-23
----
0.001     0     0
    0 0.001     0
    0     0 0.001
----
1000    0    0
   0 1000    0
   0    0 1000
----
-2.92841e-11
-1.76093e-12
-6.09735e-12
----
-0.00658698
 -0.0276193
-0.00705803
outputing new variational parameters
reinitialzing auxiliary Hamiltonian
Operators initialized
equilibration 43 done.
 1.99968e-21  1.02086e-24 -3.40169e-22
 1.02086e-24  4.58399e-25  2.73175e-24
-3.40169e-22  2.73175e-24  7.63026e-23
----
0.001     0     0
    0 0.001     0
    0     0 0.001
----
1000    0    0
   0 1000    0
   0    0 1000
----
-2.94717e-11
-1.80509e-12
-6.34505e-12
----
 -0.0065906
  -0.026661
-0.00726383
outputing new variational parameters
reinitialzing auxiliary Hamiltonian
Operators initialized
equilibration 44 done.
 1.97972e-21  5.67814e-25 -3.39584e-22
 5.67814e-25  4.39078e-25  2.68769e-24
-3.39584e-22  2.68769e-24  7.59215e-23
----
0.001     0     0
    0 0.001     0
    0     0 0.001
----
1000    0    0
   0 1000    0
   0    0 1000
----
-2.88561e-11
-1.79802e-12
 -6.4069e-12
----
-0.00648537
 -0.0271346
-0.00735301
outputing new variational parameters
reinitialzing auxiliary Hamiltonian
Operators initialized
equilibration 45 done.
 2.01209e-21  5.07653e-25 -3.45576e-22
 5.07653e-25  4.88138e-25  3.00943e-24
-3.45576e-22  3.00943e-24  7.90019e-23
----
0.001     0     0
    0 0.001     0
    0     0 0.001
----
1000    0    0
   0 1000    0
   0    0 1000
----
-2.91222e-11
-1.83882e-12
-6.61965e-12
----
-0.00649233
 -0.0263189
 -0.0074476
outputing new variational parameters
reinitialzing auxiliary Hamiltonian
Operators initialized
equilibration 46 done.
 2.01439e-21  4.60101e-25 -3.46276e-22
 4.60101e-25  4.50399e-25   2.7782e-24
-3.46276e-22   2.7782e-24   7.7656e-23
----
0.001     0     0
    0 0.001     0
    0     0 0.001
----
1000    0    0
   0 1000    0
   0    0 1000
----
-2.92504e-11
-1.80282e-12
  -6.369e-12
----
-0.00651718
 -0.0268629
-0.00722743
outputing new variational parameters
reinitialzing auxiliary Hamiltonian
Operators initialized
equilibration 47 done.
 1.96885e-21  8.21916e-25 -3.36086e-22
 8.21916e-25  4.89158e-25  2.96142e-24
-3.36086e-22  2.96142e-24  7.70521e-23
----
0.001     0     0
    0 0.001     0
    0     0 0.001
----
1000    0    0
   0 1000    0
   0    0 1000
----
 -3.0731e-11
-1.84742e-12
-6.39533e-12
----
 -0.0069258
 -0.0264144
-0.00728569
outputing new variational parameters
reinitialzing auxiliary Hamiltonian
Operators initialized
equilibration 48 done.
 1.98824e-21  2.26575e-25 -3.43226e-22
 2.26575e-25  4.23674e-25   2.6491e-24
-3.43226e-22   2.6491e-24   7.6308e-23
----
0.001     0     0
    0 0.001     0
    0     0 0.001
----
1000    0    0
   0 1000    0
   0    0 1000
----
 -2.8742e-11
-1.77231e-12
-6.26352e-12
----
-0.00644588
 -0.0272284
-0.00717023
outputing new variational parameters
reinitialzing auxiliary Hamiltonian
Operators initialized
equilibration 49 done.
 1.96423e-21  3.23631e-25 -3.38448e-22
 3.23631e-25  4.58322e-25  2.85213e-24
-3.38448e-22  2.85213e-24  7.67681e-23
----
0.001     0     0
    0 0.001     0
    0     0 0.001
----
1000    0    0
   0 1000    0
   0    0 1000
----
-2.90178e-11
 -1.8318e-12
-6.59323e-12
----
-0.00654739
 -0.0270578
-0.00752503
outputing new variational parameters
reinitialzing auxiliary Hamiltonian
Operators initialized
equilibration 50 done.
 1.95632e-21   4.3453e-25 -3.36372e-22
  4.3453e-25  4.51916e-25  2.79226e-24
-3.36372e-22  2.79226e-24  7.60284e-23
----
0.001     0     0
    0 0.001     0
    0     0 0.001
----
1000    0    0
   0 1000    0
   0    0 1000
----
-2.95629e-11
-1.82366e-12
 -6.4471e-12
----
-0.00668385
 -0.0271279
-0.00739395
outputing new variational parameters
reinitialzing auxiliary Hamiltonian
Operators initialized
equilibration 51 done.
 1.99593e-21  4.46077e-25 -3.43165e-22
 4.46077e-25  4.51083e-25  2.78497e-24
-3.43165e-22  2.78497e-24  7.71596e-23
----
0.001     0     0
    0 0.001     0
    0     0 0.001
----
1000    0    0
   0 1000    0
   0    0 1000
----
-2.87869e-11
 -1.8086e-12
-6.48602e-12
----
 -0.0064435
 -0.0269286
-0.00738386
outputing new variational parameters
reinitialzing auxiliary Hamiltonian
Operators initialized
equilibration 52 done.
  1.9946e-21  3.02012e-25 -3.43848e-22
 3.02012e-25  4.25304e-25  2.64637e-24
-3.43848e-22  2.64637e-24  7.63986e-23
----
0.001     0     0
    0 0.001     0
    0     0 0.001
----
1000    0    0
   0 1000    0
   0    0 1000
----
-2.87726e-11
-1.78333e-12
-6.32819e-12
----
-0.00644247
 -0.0273453
-0.00723997
outputing new variational parameters
reinitialzing auxiliary Hamiltonian
Operators initialized
equilibration 53 done.
 1.97064e-21  3.53593e-25 -3.39369e-22
 3.53593e-25  4.01362e-25   2.4855e-24
-3.39369e-22   2.4855e-24  7.46014e-23
----
0.001     0     0
    0 0.001     0
    0     0 0.001
----
1000    0    0
   0 1000    0
   0    0 1000
----
-2.87156e-11
-1.76854e-12
 -6.2442e-12
----
-0.00646866
 -0.0279156
-0.00722942
outputing new variational parameters
reinitialzing auxiliary Hamiltonian
Operators initialized
equilibration 54 done.
 1.97955e-21  5.87691e-25 -3.39427e-22
 5.87691e-25  4.58098e-25  2.80493e-24
-3.39427e-22  2.80493e-24  7.66384e-23
----
0.001     0     0
    0 0.001     0
    0     0 0.001
----
1000    0    0
   0 1000    0
   0    0 1000
----
-2.95489e-11
-1.82113e-12
-6.43348e-12
----
-0.00664138
 -0.0269068
-0.00734891
outputing new variational parameters
reinitialzing auxiliary Hamiltonian
Operators initialized
equilibration 55 done.
 1.99127e-21  1.04915e-25 -3.44523e-22
 1.04915e-25  4.49969e-25  2.83704e-24
-3.44523e-22  2.83704e-24  7.77254e-23
----
0.001     0     0
    0 0.001     0
    0     0 0.001
----
1000    0    0
   0 1000    0
   0    0 1000
----
-2.84872e-11
-1.81079e-12
-6.55189e-12
----
-0.00638389
 -0.0269946
-0.00743165
outputing new variational parameters
reinitialzing auxiliary Hamiltonian
Operators initialized
equilibration 56 done.
 2.00319e-21 -1.90372e-25 -3.48462e-22
-1.90372e-25  3.91804e-25  2.51915e-24
-3.48462e-22  2.51915e-24  7.63912e-23
----
0.001     0     0
    0 0.001     0
    0     0 0.001
----
1000    0    0
   0 1000    0
   0    0 1000
----
-2.82099e-11
-1.74894e-12
-6.20748e-12
----
 -0.0063029
 -0.0279409
-0.00710221
outputing new variational parameters
reinitialzing auxiliary Hamiltonian
Operators initialized
equilibration 57 done.
 1.99723e-21 -8.79874e-26  -3.4678e-22
-8.79874e-26  4.49853e-25  2.86975e-24
 -3.4678e-22  2.86975e-24  7.83242e-23
----
0.001     0     0
    0 0.001     0
    0     0 0.001
----
1000    0    0
   0 1000    0
   0    0 1000
----
-2.74567e-11
-1.81142e-12
-6.73456e-12
----
-0.00614375
 -0.0270075
-0.00760959
outputing new variational parameters
reinitialzing auxiliary Hamiltonian
Operators initialized
equilibration 58 done.
 1.97647e-21  7.48086e-25 -3.37875e-22
 7.48086e-25  5.71399e-25  3.49607e-24
-3.37875e-22  3.49607e-24  8.07548e-23
----
0.001     0     0
    0 0.001     0
    0     0 0.001
----
1000    0    0
   0 1000    0
   0    0 1000
----
-2.85829e-11
-1.92656e-12
 -7.2699e-12
----
-0.00642926
 -0.0254866
-0.00808992
outputing new variational parameters
reinitialzing auxiliary Hamiltonian
Operators initialized
equilibration 59 done.
 2.00316e-21  9.99295e-26 -3.46615e-22
 9.99295e-26  5.19037e-25  3.27617e-24
-3.46615e-22  3.27617e-24  8.08745e-23
----
0.001     0     0
    0 0.001     0
    0     0 0.001
----
1000    0    0
   0 1000    0
   0    0 1000
----
-2.86424e-11
-1.87982e-12
-6.96303e-12
----
-0.00639958
 -0.0260926
 -0.0077427
outputing new variational parameters
reinitialzing auxiliary Hamiltonian
Operators initialized
equilibration 60 done.
 1.98298e-21   4.4736e-25 -3.40912e-22
  4.4736e-25  4.87946e-25  3.01866e-24
-3.40912e-22  3.01866e-24   7.8252e-23
----
0.001     0     0
    0 0.001     0
    0     0 0.001
----
1000    0    0
   0 1000    0
   0    0 1000
----
-2.88271e-11
-1.84049e-12
-6.68141e-12
----
-0.00647354
  -0.026348
-0.00755301
outputing new variational parameters
reinitialzing auxiliary Hamiltonian
Operators initialized
equilibration 61 done.
 2.04117e-21  1.10443e-24 -3.46831e-22
 1.10443e-24  5.44999e-25  3.26678e-24
-3.46831e-22  3.26678e-24  8.08524e-23
----
0.001     0     0
    0 0.001     0
    0     0 0.001
----
1000    0    0
   0 1000    0
   0    0 1000
----
-3.08082e-11
-1.88182e-12
-6.60028e-12
----
-0.00681908
 -0.0254906
-0.00734034
outputing new variational parameters
reinitialzing auxiliary Hamiltonian
Operators initialized
equilibration 62 done.
 1.98474e-21  6.26355e-25 -3.40082e-22
 6.26355e-25  4.44106e-25  2.70945e-24
-3.40082e-22  2.70945e-24  7.61459e-23
----
0.001     0     0
    0 0.001     0
    0     0 0.001
----
1000    0    0
   0 1000    0
   0    0 1000
----
-2.91969e-11
-1.79237e-12
-6.31197e-12
----
-0.00655367
 -0.0268958
-0.00723339
outputing new variational parameters
reinitialzing auxiliary Hamiltonian
Operators initialized
equilibration 63 done.
 1.95884e-21 -2.03236e-25 -3.40856e-22
-2.03236e-25  4.05733e-25  2.60977e-24
-3.40856e-22  2.60977e-24  7.56477e-23
----
0.001     0     0
    0 0.001     0
    0     0 0.001
----
1000    0    0
   0 1000    0
   0    0 1000
----
-2.81765e-11
-1.77771e-12
-6.39583e-12
----
 -0.0063663
 -0.0279087
-0.00735358
outputing new variational parameters
reinitialzing auxiliary Hamiltonian
Operators initialized
equilibration 64 done.
 2.01443e-21  2.17352e-25 -3.47823e-22
 2.17352e-25  3.99356e-25  2.49639e-24
-3.47823e-22  2.49639e-24   7.6136e-23
----
0.001     0     0
    0 0.001     0
    0     0 0.001
----
1000    0    0
   0 1000    0
   0    0 1000
----
-2.89138e-11
 -1.7533e-12
-6.11315e-12
----
-0.00644214
 -0.0277445
  -0.007006
outputing new variational parameters
reinitialzing auxiliary Hamiltonian
Operators initialized
equilibration 65 done.
 1.99007e-21  6.62134e-25 -3.40779e-22
 6.62134e-25  4.94777e-25  3.02477e-24
-3.40779e-22  3.02477e-24  7.82678e-23
----
0.001     0     0
    0 0.001     0
    0     0 0.001
----
1000    0    0
   0 1000    0
   0    0 1000
----
-2.83473e-11
-1.84049e-12
-6.76462e-12
----
-0.00635444
 -0.0261655
-0.00764632
outputing new variational parameters
reinitialzing auxiliary Hamiltonian
Operators initialized
equilibration 66 done.
 1.99418e-21 -4.24635e-25 -3.48387e-22
-4.24635e-25  4.46748e-25   2.9084e-24
-3.48387e-22   2.9084e-24   7.8848e-23
----
0.001     0     0
    0 0.001     0
    0     0 0.001
----
1000    0    0
   0 1000    0
   0    0 1000
----
-2.88492e-11
-1.80446e-12
-6.44895e-12
----
-0.00646029
  -0.026997
-0.00726263
outputing new variational parameters
reinitialzing auxiliary Hamiltonian
Operators initialized
equilibration 67 done.
 1.99501e-21  8.85419e-25 -3.40218e-22
 8.85419e-25  5.00602e-25  3.02303e-24
-3.40218e-22  3.02303e-24  7.81594e-23
----
0.001     0     0
    0 0.001     0
    0     0 0.001
----
1000    0    0
   0 1000    0
   0    0 1000
----
-2.95398e-11
-1.83982e-12
-6.55363e-12
----
-0.00661356
 -0.0260033
-0.00741296
outputing new variational parameters
reinitialzing auxiliary Hamiltonian
Operators initialized
equilibration 68 done.
 1.99846e-21  7.65444e-25 -3.41578e-22
 7.65444e-25  4.64101e-25  2.81221e-24
-3.41578e-22  2.81221e-24  7.70573e-23
----
0.001     0     0
    0 0.001     0
    0     0 0.001
----
1000    0    0
   0 1000    0
   0    0 1000
----
-3.05007e-11
-1.82134e-12
-6.26977e-12
----
-0.00682279
 -0.0267352
-0.00714241
outputing new variational parameters
reinitialzing auxiliary Hamiltonian
Operators initialized
equilibration 69 done.
 1.97621e-21  3.95277e-25 -3.40069e-22
 3.95277e-25  4.62687e-25  2.86741e-24
-3.40069e-22  2.86741e-24  7.71461e-23
----
0.001     0     0
    0 0.001     0
    0     0 0.001
----
1000    0    0
   0 1000    0
   0    0 1000
----
-2.96262e-11
-1.82067e-12
-6.41713e-12
----
-0.00666437
 -0.0267662
-0.00730607
outputing new variational parameters
reinitialzing auxiliary Hamiltonian
Operators initialized
equilibration 70 done.
 2.02551e-21 -9.53616e-26 -3.51729e-22
-9.53616e-26   4.3561e-25  2.78065e-24
-3.51729e-22  2.78065e-24  7.86168e-23
----
0.001     0     0
    0 0.001     0
    0     0 0.001
----
1000    0    0
   0 1000    0
   0    0 1000
----
-2.70373e-11
-1.77979e-12
-6.60651e-12
----
-0.00600753
 -0.0269662
  -0.007451
outputing new variational parameters
reinitialzing auxiliary Hamiltonian
Operators initialized
equilibration 71 done.
 1.99536e-21 -6.01739e-27 -3.45935e-22
-6.01739e-27  4.49496e-25  2.85327e-24
-3.45935e-22  2.85327e-24  7.80732e-23
----
0.001     0     0
    0 0.001     0
    0     0 0.001
----
1000    0    0
   0 1000    0
   0    0 1000
----
-2.82495e-11
-1.80934e-12
-6.58387e-12
----
-0.00632413
 -0.0269871
-0.00745127
outputing new variational parameters
reinitialzing auxiliary Hamiltonian
Operators initialized
equilibration 72 done.
 1.99444e-21  4.11478e-25 -3.43127e-22
 4.11478e-25  4.64104e-25  2.87359e-24
-3.43127e-22  2.87359e-24  7.77154e-23
----
0.001     0     0
    0 0.001     0
    0     0 0.001
----
1000    0    0
   0 1000    0
   0    0 1000
----
 -2.8478e-11
-1.82507e-12
-6.64408e-12
----
-0.00637673
 -0.0267899
 -0.0075367
outputing new variational parameters
reinitialzing auxiliary Hamiltonian
Operators initialized
equilibration 73 done.
1.98464e-21 3.14438e-26 -3.4384e-22
3.14438e-26 5.05648e-25 3.20308e-24
-3.4384e-22 3.20308e-24 7.99297e-23
----
0.001     0     0
    0 0.001     0
    0     0 0.001
----
1000    0    0
   0 1000    0
   0    0 1000
----
-2.91834e-11
-1.86684e-12
-6.78685e-12
----
-0.00655081
 -0.0262532
-0.00759127
outputing new variational parameters
reinitialzing auxiliary Hamiltonian
Operators initialized
equilibration 74 done.
 1.97918e-21  2.60711e-25 -3.41438e-22
 2.60711e-25  4.44887e-25  2.77778e-24
-3.41438e-22  2.77778e-24  7.68147e-23
----
0.001     0     0
    0 0.001     0
    0     0 0.001
----
1000    0    0
   0 1000    0
   0    0 1000
----
-2.85911e-11
-1.81061e-12
-6.53273e-12
----
 -0.0064267
 -0.0271456
-0.00745371
outputing new variational parameters
reinitialzing auxiliary Hamiltonian
Operators initialized
equilibration 75 done.
 2.00968e-21  5.15529e-25 -3.45108e-22
 5.15529e-25  4.45187e-25  2.73552e-24
-3.45108e-22  2.73552e-24  7.71826e-23
----
0.001     0     0
    0 0.001     0
    0     0 0.001
----
1000    0    0
   0 1000    0
   0    0 1000
----
-2.76958e-11
 -1.7963e-12
-6.59711e-12
----
-0.00617804
  -0.026922
-0.00750921
outputing new variational parameters
reinitialzing auxiliary Hamiltonian
Operators initialized
equilibration 76 done.
 2.01499e-21  2.03838e-25 -3.48007e-22
 2.03838e-25  4.88968e-25  3.06736e-24
-3.48007e-22  3.06736e-24  7.97909e-23
----
0.001     0     0
    0 0.001     0
    0     0 0.001
----
1000    0    0
   0 1000    0
   0    0 1000
----
-2.68876e-11
-1.84628e-12
-7.05438e-12
----
-0.00598984
 -0.0264032
-0.00789737
outputing new variational parameters
reinitialzing auxiliary Hamiltonian
Operators initialized
equilibration 77 done.
 2.01222e-21 -2.11527e-25 -3.50161e-22
-2.11527e-25  4.47358e-25  2.87533e-24
-3.50161e-22  2.87533e-24  7.89458e-23
----
0.001     0     0
    0 0.001     0
    0     0 0.001
----
1000    0    0
   0 1000    0
   0    0 1000
----
 -2.7324e-11
-1.79234e-12
-6.63648e-12
----
-0.00609126
 -0.0267975
-0.00746919
outputing new variational parameters
reinitialzing auxiliary Hamiltonian
Operators initialized
equilibration 78 done.
  2.0027e-21  3.67357e-25 -3.44839e-22
 3.67357e-25  5.01779e-25   3.1203e-24
-3.44839e-22   3.1203e-24  7.95776e-23
----
0.001     0     0
    0 0.001     0
    0     0 0.001
----
1000    0    0
   0 1000    0
   0    0 1000
----
-2.67961e-11
-1.85556e-12
-7.12913e-12
----
-0.00598774
  -0.026195
-0.00799173
outputing new variational parameters
reinitialzing auxiliary Hamiltonian
Operators initialized
equilibration 79 done.
 2.0001e-21 1.71546e-25 -3.4563e-22
1.71546e-25 5.25723e-25 3.30618e-24
-3.4563e-22 3.30618e-24 8.08942e-23
----
0.001     0     0
    0 0.001     0
    0     0 0.001
----
1000    0    0
   0 1000    0
   0    0 1000
----
-2.81406e-11
-1.88481e-12
-7.08163e-12
----
-0.00629229
 -0.0259949
-0.00787363
outputing new variational parameters
reinitialzing auxiliary Hamiltonian
Operators initialized
equilibration 80 done.
 1.97874e-21    1.777e-25 -3.41889e-22
   1.777e-25  5.25739e-25  3.30521e-24
-3.41889e-22  3.30521e-24  8.02395e-23
----
0.001     0     0
    0 0.001     0
    0     0 0.001
----
1000    0    0
   0 1000    0
   0    0 1000
----
-2.78411e-11
 -1.8851e-12
-7.13542e-12
----
-0.00625882
 -0.0259986
-0.00796573
outputing new variational parameters
reinitialzing auxiliary Hamiltonian
Operators initialized
equilibration 81 done.
 2.02135e-21 -1.98665e-26 -3.50529e-22
-1.98665e-26  5.11472e-25  3.24893e-24
-3.50529e-22  3.24893e-24  8.13803e-23
----
0.001     0     0
    0 0.001     0
    0     0 0.001
----
1000    0    0
   0 1000    0
   0    0 1000
----
-2.73405e-11
-1.85905e-12
 -7.0569e-12
----
-0.00608115
 -0.0259944
-0.00782266
outputing new variational parameters
reinitialzing auxiliary Hamiltonian
Operators initialized
equilibration 82 done.
2.00017e-21 3.20143e-25  -3.447e-22
3.20143e-25  4.8768e-25 3.03902e-24
 -3.447e-22 3.03902e-24 7.90378e-23
----
0.001     0     0
    0 0.001     0
    0     0 0.001
----
1000    0    0
   0 1000    0
   0    0 1000
----
-2.86378e-11
-1.84058e-12
-6.71483e-12
----
-0.00640334
 -0.0263565
-0.00755297
outputing new variational parameters
reinitialzing auxiliary Hamiltonian
Operators initialized
equilibration 83 done.
 1.98436e-21  5.17002e-25 -3.40709e-22
 5.17002e-25  4.88561e-25  3.01049e-24
-3.40709e-22  3.01049e-24   7.8165e-23
----
0.001     0     0
    0 0.001     0
    0     0 0.001
----
1000    0    0
   0 1000    0
   0    0 1000
----
 -2.8739e-11
-1.84264e-12
-6.71031e-12
----
-0.00645152
 -0.0263621
-0.00758991
outputing new variational parameters
reinitialzing auxiliary Hamiltonian
Operators initialized
equilibration 84 done.
 1.98337e-21  2.25997e-25 -3.42385e-22
 2.25997e-25  5.12498e-25  3.21282e-24
-3.42385e-22  3.21282e-24  7.97393e-23
----
0.001     0     0
    0 0.001     0
    0     0 0.001
----
1000    0    0
   0 1000    0
   0    0 1000
----
-2.83576e-11
-1.86685e-12
-6.93007e-12
----
-0.00636748
 -0.0260774
-0.00776071
outputing new variational parameters
reinitialzing auxiliary Hamiltonian
Operators initialized
equilibration 85 done.
 1.97879e-21  2.42295e-25 -3.41488e-22
 2.42295e-25  4.43109e-25   2.7697e-24
-3.41488e-22   2.7697e-24   7.6772e-23
----
0.001     0     0
    0 0.001     0
    0     0 0.001
----
1000    0    0
   0 1000    0
   0    0 1000
----
-2.84466e-11
-1.79506e-12
-6.45914e-12
----
-0.00639484
 -0.0269665
 -0.0073718
outputing new variational parameters
reinitialzing auxiliary Hamiltonian
Operators initialized
equilibration 86 done.
 1.98608e-21  5.85797e-25 -3.40571e-22
 5.85797e-25  5.25191e-25  3.23099e-24
-3.40571e-22  3.23099e-24  7.95402e-23
----
0.001     0     0
    0 0.001     0
    0     0 0.001
----
